I
1050 Generated by WorldEditor 1.6.0r1

1    166 1 0 TBPB Barbados/Grantley Adams Intl
1302 city Bridgetown
1302 country Barbados
1302 datum_lat 13.074641667
1302 datum_lon -59.492102778
1302 faa_code 
1302 iata_code BGI
1302 icao_code TBPB
1302 region_code TB
1302 state Christ Church
1302 transition_alt 3000
1302 transition_level 
100 45.11 1 2 0.00 1 3 0 09  13.07061900 -059.50847000    0   53 3 3 0 1 27  13.07860900 -059.47594200    0    0 3 0 0 1
110 1 0.00 0.0000 Polygon from DSF lib/airport/pavement/asphalt_1D.pol 
111  13.07083178 -059.50847094
111  13.07096024 -059.50794563
111  13.07118209 -059.50830166
111  13.07114742 -059.50842136
111  13.07171547 -059.50858437
113  13.07168521 -059.50870680
110 1 0.00 0.0000 New Taxiway 35
111  13.07250135 -059.50166550
111  13.07259682 -059.50169413
112  13.07259682 -059.50169413  13.07267661 -059.50222626
111  13.07277442 -059.50246931
112  13.07266617 -059.50292363  13.07223471 -059.50294462
111  13.07226730 -059.50306340
113  13.07216302 -059.50304030
110 1 0.00 0.0000 Polygon from DSF lib/airport/pavement/asphalt_1D.pol 
111  13.07391417 -059.50325296
111  13.07385554 -059.50323550
111  13.07355688 -059.50314655
111  13.07370383 -059.50258106
111  13.07366228 -059.50257084
111  13.07664670 -059.49052673
111  13.07650302 -059.49014129
111  13.07581044 -059.48996886
112  13.07581044 -059.48996886  13.07571387 -059.48994408
112  13.07542568 -059.49019048  13.07539886 -059.49028687
111  13.07542568 -059.49019048
111  13.07533190 -059.49015568
111  13.07572514 -059.48851985
111  13.07582298 -059.48854819
112  13.07582298 -059.48854819  13.07577631 -059.48875439
112  13.07616828 -059.48868034  13.07625357 -059.48855184
111  13.07616828 -059.48868034
111  13.07650453 -059.48900131
111  13.07620593 -059.48933528
111  13.07624207 -059.48943846
111  13.07627894 -059.48954479
112  13.07627894 -059.48954479  13.07635144 -059.48952957
112  13.07631526 -059.48965302  13.07626139 -059.48968690
111  13.07631526 -059.48965302
111  13.07678126 -059.48976513
111  13.07688983 -059.48936776
111  13.07691291 -059.48899820
111  13.07734591 -059.48754368
111  13.07790613 -059.48690930
111  13.07874547 -059.48352972
112  13.07874547 -059.48352972  13.07876177 -059.48336413
112  13.07852917 -059.48315698  13.07838002 -059.48311568
111  13.07852917 -059.48315698
111  13.07768326 -059.48295077
111  13.07767620 -059.48300070
111  13.07773084 -059.48301593
111  13.07772451 -059.48304347
111  13.07766612 -059.48302877
112  13.07766612 -059.48302877  13.07745476 -059.48297167
112  13.07706138 -059.48347024  13.07700576 -059.48365868
111  13.07706138 -059.48347024
111  13.07702276 -059.48337507
111  13.07732404 -059.48208632
111  13.07743219 -059.48200304
112  13.07743219 -059.48200304  13.07735988 -059.48229426
112  13.07774506 -059.48264277  13.07794530 -059.48270558
111  13.07774506 -059.48264277
111  13.07781310 -059.48265796
111  13.07780565 -059.48268972
111  13.07773902 -059.48267500
111  13.07772754 -059.48272089
111  13.07875395 -059.48296193
112  13.07875395 -059.48296193  13.07900981 -059.48301903
112  13.07900040 -059.48379541  13.07886135 -059.48436071
111  13.07900040 -059.48379541
111  13.07892791 -059.48377661
111  13.07871995 -059.48460289
111  13.07944782 -059.48479006
111  13.07895341 -059.48678467
111  13.07867916 -059.48670536
111  13.07842037 -059.48768878
111  13.07771738 -059.48749051
111  13.07719979 -059.48953015
111  13.07790594 -059.48972860
111  13.07730022 -059.49224501
111  13.07665278 -059.49206735
111  13.07637485 -059.49319135
111  13.07648162 -059.49310758
111  13.07497274 -059.49906998
113  13.07491325 -059.49930504
110 1 0.00 0.0000 Polygon from DSF lib/airport/pavement/asphalt_2D.pol 
111  13.07178730 -059.50873273
112  13.07178730 -059.50873273  13.07230229 -059.50887043
112  13.07260033 -059.50826583  13.07265770 -059.50804525
111  13.07260033 -059.50826583
111  13.07385554 -059.50323550
111  13.07391417 -059.50325296
111  13.07264626 -059.50827886
112  13.07264626 -059.50827886  13.07256842 -059.50856550
112  13.07166582 -059.50875539  13.07098991 -059.50854074
111  13.07166582 -059.50875539
111  13.07081301 -059.50852307
113  13.07082979 -059.50846437
110 1 0.00 0.0000 Polygon from DSF lib/airport/pavement/asphalt_2D.pol 
111  13.07105405 -059.50796833
112  13.07105405 -059.50796833  13.07103422 -059.50804167
112  13.07128102 -059.50828643  13.07140368 -059.50832010
111  13.07128102 -059.50828643
111  13.07185431 -059.50843471
112  13.07185431 -059.50843471  13.07197455 -059.50846681
112  13.07231652 -059.50819356  13.07237160 -059.50798476
111  13.07231652 -059.50819356
111  13.07354726 -059.50317173
112  13.07355505 -059.50338595  13.07351958 -059.50353449
111  13.07355505 -059.50338595
111  13.07237668 -059.50816712
112  13.07237668 -059.50816712  13.07230572 -059.50847732
112  13.07184036 -059.50848508  13.07167699 -059.50844490
111  13.07184036 -059.50848508
111  13.07124488 -059.50833362
112  13.07124488 -059.50833362  13.07107777 -059.50828591
113  13.07096047 -059.50794117
110 1 0.00 0.0000 Polygon from DSF lib/airport/Common_Elements/Hangars/White_Hangar.fac 
111  13.08103622 -059.48477898
111  13.08105410 -059.48471554
111  13.08113304 -059.48443554
111  13.08115076 -059.48437270
111  13.08197839 -059.48461369
111  13.08193218 -059.48477682
111  13.08190598 -059.48486933
113  13.08186321 -059.48502031
110 1 0.00 0.0000 Polygon from DSF lib/airport/Common_Elements/Fence_Facades/Fenced_Parking.fac 
111  13.08140669 -059.48592054
111  13.08151038 -059.48556078
111  13.08099298 -059.48540044
112  13.08099298 -059.48540044  13.08092689 -059.48537782
112  13.08093961 -059.48557053  13.08098642 -059.48558466
111  13.08093961 -059.48557053
111  13.08127963 -059.48567097
111  13.08120771 -059.48592392
111  13.08064151 -059.48576386
111  13.08076644 -059.48531974
111  13.08068111 -059.48529209
111  13.08074302 -059.48509502
111  13.08222732 -059.48557281
111  13.08206760 -059.48612693
111  13.08176480 -059.48603237
113  13.08149895 -059.48594936
110 1 0.00 0.0000 Polygon from DSF lib/airport/Common_Elements/Fence_Facades/Fenced_Parking.fac 
111  13.08071824 -059.48898799
111  13.08138741 -059.48641247
111  13.08189686 -059.48655665
113  13.08122218 -059.48911804
110 2 0.00 0.0000 Polygon from DSF lib/airport/Common_Elements/Misc_Buildings/White_Warehouse.fac 
111  13.07812653 -059.49481668
111  13.07814345 -059.49474880
111  13.07806486 -059.49472759
111  13.07807130 -059.49470423
111  13.07808184 -059.49466594
111  13.07809006 -059.49463607
111  13.07816953 -059.49465750
111  13.07817860 -059.49462216
111  13.07819358 -059.49456377
111  13.07820047 -059.49453693
111  13.07822104 -059.49445676
111  13.07823474 -059.49440341
111  13.07824858 -059.49440739
111  13.07830707 -059.49442420
111  13.07831982 -059.49442786
111  13.07846932 -059.49447082
111  13.07850960 -059.49448240
111  13.07862036 -059.49451423
111  13.07865683 -059.49452471
111  13.07877480 -059.49455861
111  13.07882259 -059.49457235
113  13.07870925 -059.49497491
110 2 0.00 0.0000 Polygon from DSF lib/airport/Common_Elements/Misc_Buildings/White_Warehouse.fac 
111  13.07600093 -059.49824239
111  13.07606448 -059.49801088
111  13.07608654 -059.49801747
111  13.07618454 -059.49804676
111  13.07619828 -059.49805087
111  13.07617314 -059.49813926
111  13.07620479 -059.49814880
111  13.07626245 -059.49816617
111  13.07628405 -059.49817268
111  13.07633812 -059.49818897
111  13.07636174 -059.49819609
111  13.07632872 -059.49830543
111  13.07625224 -059.49828363
113  13.07624289 -059.49831358
110 2 0.00 0.0000 Polygon from DSF lib/airport/Common_Elements/Misc_Buildings/White_Warehouse.fac 
111  13.07289403 -059.48961095
111  13.07288202 -059.48960748
111  13.07283230 -059.48959309
111  13.07282303 -059.48959041
111  13.07278799 -059.48958027
111  13.07277773 -059.48957710
111  13.07280082 -059.48949740
111  13.07281158 -059.48950088
111  13.07284567 -059.48951190
111  13.07285301 -059.48951427
111  13.07290277 -059.48953037
113  13.07291329 -059.48953377
110 2 0.00 0.0000 Polygon from DSF lib/airport/Common_Elements/Misc_Buildings/White_Warehouse.fac 
111  13.07285827 -059.48975681
111  13.07270240 -059.48971170
111  13.07272883 -059.48961829
111  13.07273993 -059.48962177
111  13.07280931 -059.48964350
111  13.07281954 -059.48964671
111  13.07286701 -059.48966158
113  13.07288087 -059.48966592
110 2 0.00 0.0000 Polygon from DSF lib/airport/Common_Elements/Misc_Buildings/White_Warehouse.fac 
111  13.07310547 -059.48960901
111  13.07310112 -059.48962632
111  13.07307640 -059.48972477
111  13.07307101 -059.48974622
111  13.07303712 -059.48988114
111  13.07303107 -059.48990522
111  13.07300683 -059.49000176
111  13.07300276 -059.49001794
111  13.07281182 -059.48996421
113  13.07291210 -059.48955429
110 2 0.00 0.0000 Polygon from DSF lib/airport/Common_Elements/Misc_Buildings/Blue_Warehouse.fac 
111  13.07704425 -059.49490050
111  13.07705651 -059.49485138
111  13.07709064 -059.49471460
111  13.07710392 -059.49466139
111  13.07713199 -059.49454893
111  13.07713903 -059.49452072
111  13.07716647 -059.49441074
111  13.07717318 -059.49438387
111  13.07708729 -059.49435695
111  13.07716323 -059.49407088
111  13.07724477 -059.49409699
111  13.07726818 -059.49400619
111  13.07732459 -059.49402414
111  13.07733921 -059.49397672
111  13.07747612 -059.49401636
113  13.07724270 -059.49495645
110 2 0.00 0.0000 CncrtPad
111  13.08069652 -059.48461097
111  13.08074680 -059.48441036
111  13.08095988 -059.48446714
113  13.08090467 -059.48466928
110 1 0.00 0.0000 Airport Entrance RdWy
112  13.08045651 -059.49108683  13.08046925 -059.49103924
111  13.08045651 -059.49108683
112  13.08045651 -059.49108683  13.08046536 -059.49105379 20
112  13.08048334 -059.49099683  13.08049322 -059.49096999
111  13.08048334 -059.49099683
112  13.08048334 -059.49099683  13.08049500 -059.49097161 20
112  13.08051417 -059.49087673  13.08051767 -059.49083618
111  13.08051417 -059.49087673 20
111  13.08049629 -059.49024118 20
111  13.08009623 -059.49020124
111  13.07995594 -059.49018664 20
111  13.07954558 -059.49014394
111  13.07946209 -059.49011497
111  13.07943224 -059.49010461
111  13.07912014 -059.48999630 20
111  13.07949726 -059.49003364
111  13.07948565 -059.48997558
111  13.07955876 -059.48977007
111  13.07967921 -059.48981464
111  13.07961138 -059.49002682
111  13.07962193 -059.49004597 20
111  13.08049781 -059.49013267 20
111  13.08049877 -059.48993912 20
111  13.08012632 -059.48990538
112  13.08012632 -059.48990538  13.08008423 -059.48990178 20
112  13.07995392 -059.48971391  13.07993407 -059.48954965
111  13.07995392 -059.48971391 20
111  13.08014923 -059.48905862
111  13.08024332 -059.48908709 20
111  13.08005654 -059.48970992
112  13.08005654 -059.48970992  13.08006005 -059.48974953 20
112  13.08014941 -059.48979422  13.08020728 -059.48979782
111  13.08014941 -059.48979422 20
111  13.08050246 -059.48982859 20
111  13.08050311 -059.48913853
112  13.08050311 -059.48913853  13.08050749 -059.48907101 20
111  13.08124448 -059.48630878
112  13.08124448 -059.48630878  13.08126202 -059.48624876 20
112  13.08138082 -059.48620610  13.08143795 -059.48622041
111  13.08138082 -059.48620610 20
111  13.08147302 -059.48622942 20
112  13.08145190 -059.48614777  13.08146066 -059.48611476
111  13.08145190 -059.48614777 20
111  13.08149895 -059.48594936
111  13.08176480 -059.48603237 20
111  13.08172128 -059.48620674
112  13.08172128 -059.48620674  13.08167159 -059.48619473 20
112  13.08170214 -059.48627526  13.08174453 -059.48628726
111  13.08170214 -059.48627526 20
111  13.08193851 -059.48635545
112  13.08193851 -059.48635545  13.08202943 -059.48637723 20
112  13.08209913 -059.48657325  13.08210519 -059.48671326
111  13.08209913 -059.48657325 20
112  13.08207962 -059.48718630  13.08207962 -059.48720945 20
112  13.08212321 -059.48723728  13.08214254 -059.48724037
111  13.08212321 -059.48723728
112  13.08212321 -059.48723728  13.08215557 -059.48724245 20
112  13.08222706 -059.48727604  13.08225784 -059.48729397
111  13.08222706 -059.48727604
112  13.08222706 -059.48727604  13.08225071 -059.48728981 20
112  13.08231123 -059.48727289  13.08234383 -059.48724714
111  13.08231123 -059.48727289 20
111  13.08284689 -059.48666410
112  13.08284689 -059.48666410  13.08286881 -059.48664309 20
112  13.08283724 -059.48660066  13.08281299 -059.48659444
111  13.08283724 -059.48660066 20
111  13.08246887 -059.48651102
112  13.08235068 -059.48667281  13.08229309 -059.48666348
111  13.08235068 -059.48667281
111  13.08215975 -059.48664170
111  13.08215975 -059.48630878
111  13.08249494 -059.48639430 20
111  13.08291135 -059.48649547
112  13.08291135 -059.48649547  13.08294772 -059.48650480 20
112  13.08297833 -059.48646761  13.08298856 -059.48644660
111  13.08297833 -059.48646761 20
111  13.08336898 -059.48575806
112  13.08336898 -059.48575806  13.08342354 -059.48564605 20
112  13.08367205 -059.48474063  13.08370418 -059.48440024
111  13.08367205 -059.48474063 20
111  13.08377509 -059.48319737
112  13.08377509 -059.48319737  13.08377637 -059.48316823 20
112  13.08371275 -059.48312664  13.08367639 -059.48312353
111  13.08371275 -059.48312664 20
111  13.08247764 -059.48307293
112  13.08247764 -059.48307293  13.08240749 -059.48307293 20
112  13.08230363 -059.48314776  13.08227557 -059.48321439 20
111  13.08180534 -059.48457670
111  13.08103622 -059.48477898
111  13.08090442 -059.48467153
111  13.08069652 -059.48461097
111  13.08069652 -059.48461097
111  13.08074680 -059.48441036
111  13.08074680 -059.48441036
111  13.08095988 -059.48446714 20
111  13.08108213 -059.48433940
112  13.08108213 -059.48433940  13.08110844 -059.48427638 20
112  13.08132136 -059.48432318  13.08142835 -059.48435379
111  13.08132136 -059.48432318 20
111  13.08173607 -059.48445028 20
111  13.08194777 -059.48383045
111  13.08149348 -059.48386361
111  13.08148566 -059.48367178
111  13.08202847 -059.48364195 20
111  13.08217442 -059.48320932
112  13.08217442 -059.48320932  13.08219021 -059.48314990 20
112  13.08211590 -059.48298090  13.08205276 -059.48293589
111  13.08211590 -059.48298090 20
111  13.08194457 -059.48284890
111  13.08179303 -059.48316315
111  13.08158695 -059.48306670
111  13.08155058 -059.48277734
111  13.08174757 -059.48269022 20
111  13.08174972 -059.48247610
112  13.08174972 -059.48247610  13.08175148 -059.48242569 20
112  13.08170851 -059.48233260  13.08168220 -059.48230559
111  13.08170851 -059.48233260 20
112  13.08156876 -059.48226396  13.08151439 -059.48226216 20
111  13.08126662 -059.48232347
111  13.08130383 -059.48217636 20
112  13.08156796 -059.48212819  13.08162935 -059.48213360 20
111  13.08176562 -059.48222793
112  13.08176562 -059.48222793  13.08181122 -059.48225314 20
112  13.08186117 -059.48238170  13.08186117 -059.48245913
111  13.08186117 -059.48238170 20
111  13.08186403 -059.48261225 20
111  13.08205325 -059.48274317
111  13.08205432 -059.48235345
111  13.08220643 -059.48231810
111  13.08252326 -059.48232110
111  13.08250524 -059.48296827 20
111  13.08371168 -059.48300972
112  13.08371168 -059.48300972  13.08376320 -059.48301283 20
112  13.08379328 -059.48295158  13.08379679 -059.48293177
111  13.08379328 -059.48295158 20
111  13.08380843 -059.48276489
111  13.08388723 -059.48276645
111  13.08396603 -059.48276800 20
111  13.08393629 -059.48310094 20
111  13.08382662 -059.48475309
112  13.08382662 -059.48475309  13.08381813 -059.48504557 20
112  13.08349930 -059.48583587  13.08344778 -059.48594788
111  13.08349930 -059.48583587 20
112  13.08298106 -059.48676411  13.08292550 -059.48684967
111  13.08298106 -059.48676411
112  13.08298106 -059.48676411  13.08293344 -059.48683743 20
112  13.08239358 -059.48743090  13.08226681 -059.48754959
111  13.08239358 -059.48743090
112  13.08239358 -059.48743090  13.08237241 -059.48745072 20
112  13.08235759 -059.48750037  13.08235685 -059.48752643
111  13.08235759 -059.48750037
112  13.08235759 -059.48750037  13.08235607 -059.48755407 20
112  13.08229916 -059.48769960  13.08225223 -059.48775407
111  13.08229916 -059.48769960
112  13.08229916 -059.48769960  13.08224854 -059.48775835 20
112  13.08212180 -059.48777931  13.08206966 -059.48777926
111  13.08212180 -059.48777931
112  13.08212180 -059.48777931  13.08210214 -059.48777929 20
112  13.08204275 -059.48780211  13.08202322 -059.48782118
111  13.08204275 -059.48780211
112  13.08204275 -059.48780211  13.08198047 -059.48786290 20
112  13.08182940 -059.48805119  13.08181095 -059.48810567
111  13.08182940 -059.48805119 20
111  13.08111787 -059.49092846
112  13.08111787 -059.49092846  13.08111348 -059.49094646 20
112  13.08113182 -059.49100583  13.08113867 -059.49102096
111  13.08113182 -059.49100583
112  13.08113182 -059.49100583  13.08115096 -059.49104806 20
112  13.08115784 -059.49118116  13.08115617 -059.49124604
111  13.08115784 -059.49118116
112  13.08115784 -059.49118116  13.08115671 -059.49122519
112  13.08114043 -059.49129949  13.08112999 -059.49133128
111  13.08114043 -059.49129949
112  13.08114043 -059.49129949  13.08112368 -059.49135051
112  13.08099378 -059.49148608  13.08091052 -059.49153860
111  13.08099378 -059.49148608
112  13.08099378 -059.49148608  13.08092134 -059.49153177
112  13.08068886 -059.49151262  13.08055655 -059.49147088
111  13.08068886 -059.49151262
112  13.08068886 -059.49151262  13.08062194 -059.49149150
112  13.08053680 -059.49142385  13.08050088 -059.49138750
111  13.08053680 -059.49142385
114  13.08053680 -059.49142385  13.08042009 -059.49130574 20
111  13.08061326 -059.48984062 20
111  13.08075183 -059.48984014
112  13.08075183 -059.48984014  13.08080152 -059.48984164 20
112  13.08096417 -059.48969391  13.08100451 -059.48963989
111  13.08096417 -059.48969391 20
111  13.08115452 -059.48947342
112  13.08115452 -059.48947342  13.08118405 -059.48943831 20
112  13.08123418 -059.48930969  13.08125074 -059.48924454
111  13.08123418 -059.48930969 20
111  13.08182018 -059.48704029
112  13.08182018 -059.48704029  13.08184544 -059.48695991 20
111  13.08190376 -059.48685724
112  13.08190376 -059.48685724  13.08192422 -059.48680923 20
112  13.08195695 -059.48665151  13.08195257 -059.48660649
111  13.08195695 -059.48665151 20
111  13.08195013 -059.48653996
112  13.08195013 -059.48653996  13.08194575 -059.48649194 20
112  13.08186856 -059.48643237  13.08182764 -059.48642337
111  13.08186856 -059.48643237 20
111  13.08144042 -059.48630686
112  13.08144042 -059.48630686  13.08140826 -059.48629785 20
112  13.08130630 -059.48639822  13.08127415 -059.48650025
111  13.08130630 -059.48639822 20
112  13.08059745 -059.48914086  13.08059599 -059.48921888
113  13.08059745 -059.48914086 20
111  13.08162096 -059.48622638 20
111  13.08166189 -059.48608383 20
111  13.08156542 -059.48605832 20
111  13.08154496 -059.48614835
114  13.08154496 -059.48614835  13.08153619 -059.48618586 20
112  13.08067778 -059.49084228  13.08069749 -059.49083361
111  13.08067778 -059.49084228
112  13.08067778 -059.49084228  13.08069582 -059.49083435 20
112  13.08073447 -059.49082427  13.08075931 -059.49081827 20
112  13.08080150 -059.49080026  13.08082079 -059.49078393
111  13.08080150 -059.49080026
112  13.08080150 -059.49080026  13.08085806 -059.49075238 20
112  13.08102377 -059.49048114  13.08107085 -059.49031735
111  13.08102377 -059.49048114 20
111  13.08126600 -059.48958850
112  13.08126600 -059.48958850  13.08127302 -059.48956149 20
112  13.08122517 -059.48955955  13.08120237 -059.48958656
111  13.08122517 -059.48955955 20
111  13.08104219 -059.48976247
112  13.08104219 -059.48976247  13.08099309 -059.48982009 20
112  13.08077969 -059.48994127  13.08064465 -059.48996468
111  13.08077969 -059.48994127 20
111  13.08061834 -059.48994487 20
114  13.08062947 -059.49080629  13.08063093 -059.49084231 20
112  13.08091957 -059.49098013  13.08079866 -059.49092080 20
112  13.08061896 -059.49107326  13.08055909 -059.49119314 20
112  13.08072068 -059.49136761  13.08083202 -059.49142397 20
114  13.08100757 -059.49126736  13.08103895 -059.49118858 20
112  13.08219617 -059.48738577  13.08212545 -059.48732355 20
112  13.08198171 -059.48738700  13.08193119 -059.48743367 20
112  13.08199433 -059.48763332  13.08207164 -059.48769814
111  13.08199433 -059.48763332
112  13.08199433 -059.48763332  13.08207515 -059.48769814 20
114  13.08221658 -059.48760739  13.08225194 -059.48755294 20
111  13.08111140 -059.49057359
112  13.08111140 -059.49057359  13.08107983 -059.49065822 20
111  13.08091791 -059.49085084
112  13.08091791 -059.49085084  13.08096000 -059.49085264 20
112  13.08102495 -059.49090422  13.08104951 -059.49093303
113  13.08102495 -059.49090422 20
111  13.08172114 -059.48799617
112  13.08172114 -059.48799617  13.08174108 -059.48794911 20
112  13.08191430 -059.48776521  13.08196924 -059.48770827
111  13.08191430 -059.48776521
112  13.08191430 -059.48776521  13.08192898 -059.48774999 20
112  13.08190897 -059.48769429  13.08189548 -059.48768029
111  13.08190897 -059.48769429
112  13.08190897 -059.48769429  13.08187671 -059.48766080 20
112  13.08184098 -059.48755834  13.08183094 -059.48750446
111  13.08184098 -059.48755834
112  13.08184098 -059.48755834  13.08183726 -059.48748553 20
112  13.08186732 -059.48737223  13.08188227 -059.48733471
111  13.08186732 -059.48737223
112  13.08186732 -059.48737223  13.08187758 -059.48734648 20
112  13.08195093 -059.48727532  13.08198869 -059.48724586
111  13.08195093 -059.48727532
112  13.08195093 -059.48727532  13.08196820 -059.48726185 20
112  13.08200348 -059.48718560  13.08200698 -059.48713633
111  13.08200348 -059.48718560 20
111  13.08200916 -059.48697273 20
111  13.08189642 -059.48714074 20
111  13.08132544 -059.48929528
112  13.08132544 -059.48929528  13.08131667 -059.48932229 20
112  13.08137615 -059.48930534  13.08138668 -059.48927473
113  13.08137615 -059.48930534 20
110 2 0.00 0.0000 Tanks Pad
112  13.07780369 -059.49328558  13.07786069 -059.49330359
112  13.07784754 -059.49339062  13.07783877 -059.49341312
112  13.07775400 -059.49343263  13.07769993 -059.49341162
114  13.07770723 -059.49332910  13.07771600 -059.49330359
110 2 0.00 0.0000 Tanks Pad
112  13.07695003 -059.49591114  13.07707772 -059.49595148
112  13.07704826 -059.49614643  13.07702861 -059.49619685
112  13.07683871 -059.49624054  13.07671757 -059.49619349
114  13.07673395 -059.49600862  13.07675359 -059.49595148
110 2 0.00 0.0000 Tanks Pad
112  13.07705590 -059.49556513  13.07718359 -059.49560547
112  13.07715412 -059.49580041  13.07713448 -059.49585083
112  13.07694458 -059.49589453  13.07682344 -059.49584747
114  13.07683981 -059.49566261  13.07685945 -059.49560546
110 2 0.00 0.0000 Tanks Pad
112  13.07797031 -059.49335461  13.07802731 -059.49337261
112  13.07801416 -059.49345964  13.07800539 -059.49348214
112  13.07792062 -059.49350165  13.07786654 -059.49348064
114  13.07787385 -059.49339812  13.07788262 -059.49337261
110 1 0.00 75.8000 ApronLtAsplt
111  13.07868135 -059.49286307
111  13.07850568 -059.49269695
111  13.07865421 -059.49176129
111  13.07863384 -059.49174924
111  13.07848382 -059.49267941
111  13.07837026 -059.49258991
111  13.07824691 -059.49248249
111  13.07834081 -059.49204986
111  13.07841849 -059.49171531
111  13.07874895 -059.49039751
111  13.07887671 -059.49043425
111  13.07888233 -059.49041176
111  13.07898324 -059.49000823
111  13.07898784 -059.48998982
111  13.07875984 -059.48992392
111  13.07872167 -059.49007322
111  13.07842275 -059.48998661
111  13.07835935 -059.49022757
112  13.07844244 -059.49024381  13.07846980 -059.49024736
112  13.07853281 -059.49027076  13.07854875 -059.49027621
112  13.07862954 -059.49030182  13.07864150 -059.49029910
112  13.07867339 -059.49029543  13.07868415 -059.49029859
111  13.07869191 -059.49031729
111  13.07867705 -059.49037474
111  13.07825991 -059.49026006
111  13.07838476 -059.48978482
111  13.07839628 -059.48974099
111  13.07892238 -059.48988632
111  13.08142526 -059.47968639
111  13.08150725 -059.47970439
111  13.08087820 -059.48230098
111  13.08071548 -059.48294933
111  13.08021955 -059.48493968
111  13.08016918 -059.48514218
111  13.08029729 -059.48521231
111  13.07968608 -059.48773397
111  13.07983337 -059.48793839
111  13.07981619 -059.48800783
111  13.07961195 -059.48806673
111  13.07939042 -059.48895542
111  13.07928153 -059.48892680
111  13.07922450 -059.48915883
111  13.07957752 -059.48926825
111  13.08000771 -059.48938775
111  13.07992353 -059.48951173
111  13.07942098 -059.48936288
111  13.07912014 -059.48999630
111  13.07943224 -059.49010461
111  13.07925771 -059.49053001
111  13.07925705 -059.49058685
111  13.07946209 -059.49011497
111  13.07954558 -059.49014394
111  13.07944762 -059.49042651
112  13.07944762 -059.49042651  13.07941633 -059.49058370
112  13.07950838 -059.49087354  13.07950838 -059.49091357
111  13.07950838 -059.49087354
112  13.07950838 -059.49087354  13.07950838 -059.49097249
112  13.07946299 -059.49108469  13.07953184 -059.49119212
111  13.07946299 -059.49108469
112  13.07946299 -059.49108469  13.07950705 -059.49116102
112  13.07934991 -059.49129625  13.07920672 -059.49130191
112  13.07885772 -059.49131056  13.07881091 -059.49131621
112  13.07874225 -059.49146106  13.07874501 -059.49153456
112  13.07873245 -059.49231617  13.07874897 -059.49244848
113  13.07888699 -059.49295126
111  13.07890702 -059.49067349
112  13.07890702 -059.49067349  13.07890543 -059.49065058
112  13.07887932 -059.49067220  13.07887932 -059.49069510
111  13.07887932 -059.49067220
111  13.07887934 -059.49074574
112  13.07887934 -059.49074574  13.07887934 -059.49077028
112  13.07890753 -059.49074454  13.07890593 -059.49072164
113  13.07890753 -059.49074454
111  13.07939555 -059.48883057
111  13.07934692 -059.48881115
111  13.07932607 -059.48889193
113  13.07937615 -059.48890329
111  13.07946818 -059.48855132
111  13.07941211 -059.48853739
111  13.07935945 -059.48874985
113  13.07941304 -059.48876423
111  13.07964136 -059.48782502
112  13.07964136 -059.48782502  13.07964320 -059.48781461
112  13.07963130 -059.48780433  13.07962300 -059.48781001
111  13.07963130 -059.48780433
112  13.07958122 -059.48784579  13.07957753 -059.48785715
111  13.07958122 -059.48784579
111  13.07957581 -059.48787104
113  13.07962714 -059.48788509
111  13.07961659 -059.48792342
111  13.07956595 -059.48790936
111  13.07954827 -059.48798174
113  13.07959960 -059.48799485
111  13.07985385 -059.48690339
111  13.07981151 -059.48689451
111  13.07966085 -059.48751308
113  13.07970396 -059.48752103
111  13.08002313 -059.48621037
111  13.07998008 -059.48620078
111  13.07982748 -059.48682863
113  13.07987063 -059.48683823
111  13.08005205 -059.48609525
111  13.08000820 -059.48608637
111  13.07999548 -059.48614148
113  13.08003823 -059.48615158
111  13.08017768 -059.48559706
111  13.08013028 -059.48558607
111  13.08011482 -059.48564526
113  13.08016300 -059.48565751
111  13.08021591 -059.48538055
111  13.08018089 -059.48537379
111  13.08014815 -059.48550991
113  13.08018180 -059.48551997
111  13.08025692 -059.48524613
111  13.08021514 -059.48523499
111  13.08019771 -059.48530518
113  13.08023979 -059.48531649
111  13.07833716 -059.49012789
111  13.07836895 -059.49000707
111  13.07835561 -059.49000357
111  13.07834961 -059.49002758
111  13.07832855 -059.49002069
113  13.07830388 -059.49011835
111  13.07830411 -059.49025019
111  13.07832822 -059.49016092
111  13.07829474 -059.49015166
113  13.07827083 -059.49024064
112  13.07922150 -059.49116962  13.07924904 -059.49117198
112  13.07930182 -059.49104240  13.07931329 -059.49100470
112  13.07930641 -059.49085628  13.07928116 -059.49085157
114  13.07922609 -059.49101177  13.07921691 -059.49104711
111  13.07915862 -059.49085628
112  13.07915862 -059.49085628  13.07916963 -059.49080256
112  13.07912557 -059.49082801  13.07911731 -059.49084780
111  13.07912557 -059.49082801
111  13.07907091 -059.49088775
112  13.07907091 -059.49088775  13.07905714 -059.49090754
112  13.07897962 -059.49092130  13.07892730 -059.49091282
111  13.07897962 -059.49092130
111  13.07880613 -059.49090717
112  13.07877584 -059.49099763  13.07877584 -059.49106266
112  13.07882816 -059.49116726  13.07885019 -059.49119271
111  13.07898513 -059.49118422
114  13.07898513 -059.49118422  13.07910079 -059.49118140
110 2 0.00 76.0000 Term Pad
111  13.08058066 -059.48895322
111  13.08052339 -059.48893921
111  13.08052339 -059.48893921
111  13.08032014 -059.48961359
111  13.08010682 -059.48956844
111  13.08000771 -059.48938775
111  13.07957752 -059.48926825
111  13.07967391 -059.48893135
111  13.07959319 -059.48891129
111  13.07956259 -059.48900834
111  13.07939042 -059.48895542
111  13.07962424 -059.48800457
111  13.07965001 -059.48801273
111  13.07967210 -059.48795405
111  13.07964226 -059.48790931
111  13.07967829 -059.48776152
111  13.07973524 -059.48773827
111  13.07970425 -059.48766668
111  13.08031641 -059.48517840
111  13.08047039 -059.48522157
111  13.08021798 -059.48624427
111  13.08038453 -059.48629329
111  13.08045384 -059.48601519
111  13.08056313 -059.48605258
111  13.08060930 -059.48591516
111  13.08085902 -059.48599587
111  13.08083606 -059.48605803
111  13.08102134 -059.48611941
111  13.08124123 -059.48607820
111  13.08117373 -059.48633889
111  13.08121633 -059.48635105
111  13.08097827 -059.48732429
111  13.08082136 -059.48796584
111  13.08081280 -059.48800086
112  13.08081280 -059.48800086  13.08080515 -059.48804012
112  13.08086718 -059.48815484  13.08088821 -059.48817055
111  13.08086718 -059.48815484
112  13.08086718 -059.48815484  13.08083849 -059.48817644
111  13.08083403 -059.48830842
112  13.08083403 -059.48830842  13.08079770 -059.48831235
112  13.08071331 -059.48841820  13.08070184 -059.48844962
113  13.08071331 -059.48841820
110 1 0.00 0.0000 TXWY East
112  13.07124488 -059.50833362  13.07142388 -059.50838451
111  13.07124488 -059.50833362 3 102
111  13.07184036 -059.50848508
112  13.07184036 -059.50848508  13.07205346 -059.50853815 3 102
112  13.07237046 -059.50819234  13.07242624 -059.50796330
111  13.07237046 -059.50819234 3 102
111  13.07355505 -059.50338595
112  13.07355505 -059.50338595  13.07358161 -059.50326189
112  13.07344368 -059.50310160  13.07334740 -059.50307593
111  13.07344368 -059.50310160
111  13.07282671 -059.50293465
112  13.07282671 -059.50293465  13.07277912 -059.50292329
111  13.07266501 -059.50292354
111  13.07277331 -059.50246765
112  13.07292916 -059.50261338  13.07299928 -059.50264119
111  13.07292916 -059.50261338
111  13.07343769 -059.50274533
112  13.07343769 -059.50274533  13.07356359 -059.50277805
112  13.07366228 -059.50257084  13.07369574 -059.50243341
111  13.07366228 -059.50257084
111  13.07370383 -059.50258106
111  13.07355688 -059.50314655
111  13.07385554 -059.50323550 3 102
111  13.07260033 -059.50826583
112  13.07260033 -059.50826583  13.07253021 -059.50852269 3 102
112  13.07178730 -059.50873273  13.07128690 -059.50860676
111  13.07178730 -059.50873273 3 102
111  13.07082389 -059.50846883
113  13.07096024 -059.50794563 3 102
110 2 0.00 76.0000 Pad
111  13.07879793 -059.47599311
111  13.07896196 -059.47603441
112  13.07896196 -059.47603441  13.07931588 -059.47612620
112  13.07895844 -059.47651865  13.07870641 -059.47654516
111  13.07895844 -059.47651865
111  13.07891488 -059.47665868
111  13.07879638 -059.47668998
111  13.07860752 -059.47688308
111  13.07858896 -059.47687905
111  13.07870281 -059.47639964
111  13.07873786 -059.47625213
113  13.07876649 -059.47612582
110 1 0.00 76.0000 Road
111  13.07387824 -059.50583010
111  13.07552482 -059.49947566
112  13.07537313 -059.49937338  13.07531501 -059.49935732
111  13.07537313 -059.49937338
111  13.07508759 -059.49929951
112  13.07508759 -059.49929951  13.07502500 -059.49928115
111  13.07491325 -059.49930504
111  13.07487800 -059.49924121
111  13.07491326 -059.49911039
111  13.07497274 -059.49906998
112  13.07511045 -059.49919797  13.07517304 -059.49921632
111  13.07511045 -059.49919797
111  13.07539912 -059.49927386
112  13.07539912 -059.49927386  13.07545277 -059.49928992
111  13.07557977 -059.49926948
111  13.07732247 -059.49227356
112  13.07756342 -059.49240483  13.07764453 -059.49242863
111  13.07756342 -059.49240483
111  13.07774733 -059.49248022
111  13.07794385 -059.49256077
111  13.07805644 -059.49260692
111  13.07868135 -059.49286307
111  13.07863923 -059.49300632
111  13.07759717 -059.49259105
111  13.07740917 -059.49260787
111  13.07713263 -059.49372482
111  13.07724875 -059.49375474
111  13.07708609 -059.49434705
111  13.07715978 -059.49438387
111  13.07703923 -059.49490322
111  13.07684027 -059.49485068
111  13.07594536 -059.49837880
111  13.07563415 -059.49960568
113  13.07404000 -059.50589046
110 1 0.00 45.0000 Taxiway E
111  13.07678126 -059.48976513
112  13.07686920 -059.48935963  13.07687290 -059.48932927
112  13.07688624 -059.48900625  13.07690133 -059.48890453
111  13.07688624 -059.48900625
112  13.07688624 -059.48900625  13.07692341 -059.48887298
112  13.07671696 -059.48887257  13.07665326 -059.48894091
111  13.07671696 -059.48887257
111  13.07624207 -059.48943846
111  13.07539303 -059.49031898
111  13.07542568 -059.49019048
111  13.07588455 -059.48830287
111  13.07590962 -059.48860114
112  13.07590962 -059.48860114  13.07592080 -059.48874074
112  13.07616828 -059.48868034  13.07622789 -059.48862297
111  13.07616828 -059.48868034
111  13.07780743 -059.48685654
111  13.07862811 -059.48355612
112  13.07862811 -059.48355612  13.07866145 -059.48340367
112  13.07846529 -059.48321937  13.07837134 -059.48319759
111  13.07846529 -059.48321937
111  13.07772619 -059.48304310
111  13.07766612 -059.48302877
111  13.07774506 -059.48264144
111  13.07781288 -059.48265841
111  13.07855040 -059.48284294
112  13.07855040 -059.48284294  13.07866556 -059.48287094
112  13.07886487 -059.48262011  13.07889821 -059.48248321
111  13.07886487 -059.48262011
111  13.07974349 -059.47906888
111  13.07963608 -059.47904257
111  13.08007876 -059.47721173
112  13.08007876 -059.47721173  13.08012897 -059.47700157
112  13.07990558 -059.47685500  13.07978584 -059.47682724
111  13.07990558 -059.47685500
111  13.07913825 -059.47664507
112  13.07913825 -059.47664507  13.07906503 -059.47662816
112  13.07891488 -059.47665868  13.07885033 -059.47667305
111  13.07891488 -059.47665868
112  13.07891488 -059.47665868  13.07884324 -059.47667463
111  13.07879638 -059.47668998
111  13.07889688 -059.47601841
111  13.07896196 -059.47603441
111  13.08017218 -059.47633191
112  13.08017218 -059.47633191  13.08052753 -059.47642312
112  13.08065416 -059.47753597  13.08044782 -059.47841193
111  13.08065416 -059.47753597
111  13.08023973 -059.47919330
112  13.08023973 -059.47919330  13.08022731 -059.47924430
112  13.08029506 -059.47938632  13.08035405 -059.47940067
111  13.08029506 -059.47938632
111  13.08072838 -059.47951024
111  13.07944782 -059.48479006
111  13.07871995 -059.48460289
111  13.07849429 -059.48453709
111  13.07790613 -059.48690930
111  13.07734591 -059.48754368
113  13.07706648 -059.48899977
110 2 0.00 0.0000 Cncrt Apron
111  13.07730022 -059.49224501
111  13.07790594 -059.48972860
111  13.07719979 -059.48953015
111  13.07771738 -059.48749051
111  13.07842037 -059.48768878
111  13.07867916 -059.48670536
111  13.07895341 -059.48678467
111  13.07944782 -059.48479006
111  13.08072838 -059.47951024
111  13.08142526 -059.47968639
111  13.07892238 -059.48988632
111  13.07870767 -059.48982567
112  13.07870767 -059.48982567  13.07868308 -059.48981936
112  13.07863054 -059.48985388  13.07860826 -059.48984599
111  13.07863054 -059.48985388
111  13.07838476 -059.48978482
111  13.07825991 -059.49026006
111  13.07874895 -059.49039751
111  13.07842310 -059.49171241
111  13.07832117 -059.49218330
111  13.07822729 -059.49215577
111  13.07820851 -059.49204286
111  13.07810390 -059.49205938
111  13.07800119 -059.49227462
111  13.07805644 -059.49260692
111  13.07794385 -059.49256077
111  13.07789468 -059.49227418
111  13.07779543 -059.49230171
111  13.07774733 -059.49248022
111  13.07741454 -059.49261014
111  13.07750574 -059.49259361
111  13.07754061 -059.49277536
111  13.07759425 -059.49267347
111  13.07785713 -059.49277261
111  13.07778439 -059.49307972
111  13.07770423 -059.49306175
111  13.07760767 -059.49324075
111  13.07757548 -059.49335089
111  13.07765327 -059.49338394
111  13.07753256 -059.49370888
111  13.07717849 -059.49356018
111  13.07699461 -059.49360148
112  13.07689930 -059.49344897  13.07692738 -059.49335155
111  13.07689930 -059.49344897
111  13.07698890 -059.49312410
112  13.07660447 -059.49302320  13.07658038 -059.49302605
111  13.07660447 -059.49302320
112  13.07660447 -059.49302320  13.07659250 -059.49302461
111  13.07648162 -059.49310758
111  13.07637485 -059.49319135
113  13.07665278 -059.49206735
110 1 0.00 0.0000 TXWY D-Apron-Txwy C
111  13.07376173 -059.49123097 102
112  13.07371824 -059.49137516  13.07370676 -059.49144584 102
112  13.07339337 -059.49204870  13.07334288 -059.49210524 102
111  13.07330860 -059.49223987
112  13.07330860 -059.49223987  13.07329764 -059.49230734 102
112  13.07334003 -059.49246451  13.07337078 -059.49248077
111  13.07334003 -059.49246451 102
111  13.07404854 -059.49281738
111  13.07429046 -059.49267292
111  13.07406197 -059.49360872
112  13.07406197 -059.49360872  13.07364608 -059.49347200
112  13.07398978 -059.49301705  13.07407240 -059.49305381
111  13.07398978 -059.49301705
111  13.07399548 -059.49292520 102
111  13.07331185 -059.49258118
112  13.07331185 -059.49258118  13.07327998 -059.49256755 102
112  13.07321092 -059.49259508  13.07319764 -059.49262644
111  13.07321092 -059.49259508
111  13.07318288 -059.49268535
111  13.07294890 -059.49261891
112  13.07294890 -059.49261891  13.07292633 -059.49261210
111  13.07289767 -059.49257407
112  13.07289767 -059.49257407  13.07288138 -059.49255671
112  13.07288113 -059.49250928  13.07288644 -059.49248883
111  13.07288113 -059.49250928
111  13.07289830 -059.49245709
112  13.07289830 -059.49245709  13.07290096 -059.49244073
112  13.07296529 -059.49241885  13.07298920 -059.49242566
111  13.07296529 -059.49241885
111  13.07301650 -059.49242064
112  13.07301650 -059.49242064  13.07303376 -059.49242473
112  13.07305830 -059.49233659  13.07305830 -059.49232023
111  13.07305830 -059.49233659
111  13.07305790 -059.49225870
112  13.07305790 -059.49225870  13.07305658 -059.49223689
112  13.07300962 -059.49222405  13.07297696 -059.49222195
111  13.07300962 -059.49222405
111  13.07293989 -059.49222451
111  13.07293815 -059.49238756
111  13.07266719 -059.49239212
111  13.07266485 -059.49197094
111  13.07293250 -059.49197792
111  13.07293379 -059.49204399
112  13.07308525 -059.49194540  13.07308933 -059.49185110
111  13.07308525 -059.49194540
111  13.07306839 -059.49158099
111  13.07307195 -059.49148457
112  13.07306016 -059.49124698  13.07307399 -059.49118701
111  13.07306016 -059.49124698
112  13.07310298 -059.49105893  13.07311681 -059.49099896
111  13.07310298 -059.49105893
111  13.07314242 -059.49107176
111  13.07316717 -059.49097505
112  13.07329115 -059.49093192  13.07334879 -059.49094691
111  13.07329115 -059.49093192 106
111  13.07329116 -059.49057603
112  13.07329116 -059.49057603  13.07328925 -059.49054069
111  13.07337878 -059.49051874
112  13.07337878 -059.49051874  13.07337327 -059.49041979
112  13.07357744 -059.49037655  13.07364629 -059.49037372
112  13.07375643 -059.49047229  13.07381977 -059.49054296
111  13.07375643 -059.49047229
111  13.07394941 -059.49066747
112  13.07394941 -059.49066747  13.07399567 -059.49071157
112  13.07402210 -059.49062899  13.07402251 -059.49057479
111  13.07402210 -059.49062899
112  13.07402210 -059.49062899  13.07403047 -059.49055277
112  13.07402623 -059.49032041  13.07401936 -059.49022644
111  13.07402623 -059.49032041
112  13.07402623 -059.49032041  13.07401632 -059.49018471
112  13.07393810 -059.49002308  13.07388192 -059.49000611
111  13.07393810 -059.49002308
111  13.07357918 -059.48993222
112  13.07357918 -059.48993222  13.07353952 -059.48992204
112  13.07356729 -059.48997989  13.07363008 -059.49001382
111  13.07356729 -059.48997989
111  13.07354430 -059.49007585
111  13.07319839 -059.48997066
111  13.07316377 -059.49006442
111  13.07282311 -059.48997640
111  13.07282613 -059.48976876
111  13.07266046 -059.48972153
111  13.07268770 -059.48947589
111  13.07269229 -059.48944762
111  13.07256255 -059.48948507
111  13.07249423 -059.48936888
111  13.07354884 -059.48904624
111  13.07377380 -059.48906122
112  13.07377432 -059.48884013  13.07378580 -059.48878359
111  13.07386137 -059.48859358
111  13.07392998 -059.48859640
112  13.07393931 -059.48877164  13.07392325 -059.48886588
111  13.07387334 -059.48891526
112  13.07387334 -059.48891526  13.07385499 -059.48898594
112  13.07390445 -059.48908971  13.07388838 -059.48914390
112  13.07381550 -059.48937790  13.07382239 -059.48948627
112  13.07406980 -059.48949517  13.07418913 -059.48947868
111  13.07406980 -059.48949517
111  13.07492317 -059.48936466
112  13.07492317 -059.48936466  13.07495529 -059.48935760
111  13.07501479 -059.48929610
111  13.07497356 -059.48946402
112  13.07492301 -059.48943679  13.07489547 -059.48944150
111  13.07492301 -059.48943679
112  13.07408521 -059.48956992  13.07397735 -059.48959112
111  13.07408521 -059.48956992
112  13.07408521 -059.48956992  13.07387638 -059.48961233
112  13.07391191 -059.48975388  13.07400594 -059.48983888
111  13.07391191 -059.48975388
112  13.07391191 -059.48975388  13.07396034 -059.48980387
112  13.07404555 -059.48993950  13.07407310 -059.49000648
111  13.07404555 -059.48993950
111  13.07466577 -059.49009991
112  13.07466577 -059.49009991  13.07473461 -059.49011169 102
111  13.07485632 -059.48994125
111  13.07477163 -059.49028607 102
111  13.07376173 -059.49123097
111  13.07374486 -059.49104378 102
111  13.07387169 -059.49092176
112  13.07387169 -059.49092176  13.07391851 -059.49087087
112  13.07387643 -059.49071439  13.07381860 -059.49066350
111  13.07387643 -059.49071439
111  13.07369154 -059.49054544
112  13.07369154 -059.49054544  13.07364473 -059.49051151
112  13.07357116 -059.49047087  13.07352986 -059.49047652
112  13.07347564 -059.49054225  13.07347840 -059.49058183
112  13.07354149 -059.49063373  13.07353766 -059.49070637
111  13.07354149 -059.49063373 106
111  13.07353832 -059.49098662 102
113  13.07374486 -059.49104378
111  13.07449905 -059.49032815
112  13.07449905 -059.49032815  13.07459085 -059.49024334
112  13.07444949 -059.49014722  13.07436687 -059.49011895
111  13.07444949 -059.49014722
111  13.07405439 -059.49005542
112  13.07409012 -059.49033286  13.07409700 -059.49041061
112  13.07407359 -059.49064290  13.07406900 -059.49066646
112  13.07412041 -059.49064573  13.07414795 -059.49061745
113  13.07412041 -059.49064573 102
112  13.07370202 -059.48913664  13.07363088 -059.48914135
111  13.07370202 -059.48913664
112  13.07349481 -059.48914842  13.07343069 -059.48915462
111  13.07349481 -059.48914842
112  13.07349481 -059.48914842  13.07348675 -059.48914920
112  13.07347483 -059.48915077  13.07346971 -059.48915156
111  13.07347483 -059.48915077
112  13.07347483 -059.48915077  13.07342893 -059.48915784
112  13.07330731 -059.48928977  13.07329583 -059.48935338
111  13.07330731 -059.48928977
111  13.07327059 -059.48949002
112  13.07327059 -059.48949002  13.07327059 -059.48951122
112  13.07331190 -059.48958426  13.07335550 -059.48958190
111  13.07331190 -059.48958426
111  13.07343352 -059.48957719
112  13.07343352 -059.48957719  13.07349089 -059.48957483
112  13.07342664 -059.48951829  13.07337845 -059.48951358
111  13.07342664 -059.48951829
111  13.07331878 -059.48949473
111  13.07339451 -059.48924737
111  13.07351155 -059.48926621
111  13.07350466 -059.48929920
111  13.07370661 -059.48934396
114  13.07370661 -059.48934396  13.07377774 -059.48935573
112  13.07311684 -059.48929920  13.07303881 -059.48933453
111  13.07311684 -059.48929920
111  13.07269229 -059.48944762
111  13.07268770 -059.48947589
111  13.07305801 -059.48934197
111  13.07314667 -059.48935102
111  13.07316503 -059.48940757
114  13.07316503 -059.48940757  13.07322010 -059.48938872
111  13.07381216 -059.48978066
112  13.07381216 -059.48978066  13.07379495 -059.48976496
112  13.07374561 -059.48976888  13.07372649 -059.48979833
111  13.07374561 -059.48976888
111  13.07370851 -059.48983406
111  13.07361710 -059.48980658
112  13.07361710 -059.48980658  13.07364005 -059.48976731
112  13.07361137 -059.48970763  13.07357312 -059.48969585
111  13.07361137 -059.48970763
111  13.07351078 -059.48970842
112  13.07347712 -059.48975004  13.07345608 -059.48975985
111  13.07337156 -059.48974886
112  13.07337156 -059.48974886  13.07334287 -059.48974689
112  13.07336888 -059.48977045  13.07339183 -059.48977438
111  13.07336888 -059.48977045
111  13.07390281 -059.48990710
112  13.07390281 -059.48990710  13.07392384 -059.48991495
112  13.07390888 -059.48988000  13.07389150 -059.48986001
113  13.07390888 -059.48988000
112  13.07388834 -059.48880822  13.07389631 -059.48878777
111  13.07388713 -059.48874015
113  13.07385041 -059.48886030
111  13.07389401 -059.48871423
112  13.07391624 -059.48869539  13.07392022 -059.48867903
113  13.07391008 -059.48863885
110 1 0.00 75.8000 Pad
111  13.08169104 -059.47975545
111  13.08190372 -059.47980514
111  13.08130383 -059.48217636
111  13.08126662 -059.48232347
111  13.08125007 -059.48238887
113  13.08106435 -059.48233956
110 1 0.00 75.8000 Pad
111  13.08090204 -059.48300079
111  13.08108776 -059.48305010
111  13.08074680 -059.48441036
111  13.08074680 -059.48441036
111  13.08069652 -059.48461097
111  13.08058999 -059.48503597
113  13.08040427 -059.48498666
110 2 0.00 75.8000 Pad
111  13.08150725 -059.47970439
111  13.08169104 -059.47975545
111  13.08106435 -059.48233956
113  13.08087820 -059.48230098
110 2 0.00 75.8000 Pad
111  13.08071548 -059.48294933
111  13.08090204 -059.48300079
111  13.08040427 -059.48498666
113  13.08021955 -059.48493968
110 2 0.00 345.0000 Pad Txwy
111  13.07310527 -059.49105893
111  13.07292069 -059.49100414
111  13.07294064 -059.49091230
111  13.07316947 -059.49097505
113  13.07314471 -059.49107176
110 2 0.00 345.0000 Pad Txwy
111  13.07307068 -059.49158099
111  13.07279158 -059.49150214
111  13.07281153 -059.49141031
113  13.07307195 -059.49148457
110 1 0.00 345.0000 H Pad
111  13.07265431 -059.49100402
111  13.07270075 -059.49079718
111  13.07295144 -059.49086260
111  13.07294064 -059.49091230
111  13.07292069 -059.49100414
113  13.07290690 -059.49106762
110 1 0.00 345.0000 H Pad
111  13.07252519 -059.49150203
111  13.07257163 -059.49129518
111  13.07282233 -059.49136060
111  13.07281153 -059.49141031
111  13.07279158 -059.49150214
113  13.07277779 -059.49156563
110 2 0.00 76.0000 H Pad Lkd
111  13.07741512 -059.49515520
111  13.07714583 -059.49508129
111  13.07703923 -059.49490322
111  13.07715978 -059.49438387
111  13.07708609 -059.49434705
111  13.07721839 -059.49387264
111  13.07724875 -059.49375474
113  13.07772847 -059.49388898
110 2 0.00 76.0000 H pad
111  13.07888233 -059.49041176
111  13.07869771 -059.49035695
111  13.07873954 -059.49018947
111  13.07862783 -059.49016078
111  13.07861999 -059.49019078
111  13.07858512 -059.49021035
111  13.07854971 -059.49019843
111  13.07852885 -059.49016469
111  13.07853757 -059.49012745
111  13.07857364 -059.49010490
111  13.07863726 -059.49012269
111  13.07874928 -059.49015067
111  13.07876595 -059.49008285
111  13.07875137 -059.49006311
111  13.07877157 -059.48998176
111  13.07876085 -059.48997790
111  13.07876944 -059.48994685
113  13.07898324 -059.49000823
111  13.07890037 -059.49015779
111  13.07889038 -059.49015385
111  13.07886502 -059.49024932
113  13.07887655 -059.49025247
112  13.07884581 -059.49019724  13.07886271 -059.49013649
111  13.07877587 -059.49010808
113  13.07874436 -059.49023432
110 1 0.00 0.0000 AsphltFillr
111  13.07873668 -059.49024221
111  13.07877433 -059.49009546
111  13.07886271 -059.49014280
113  13.07883505 -059.49025089
110 2 0.00 0.0000 PrknLotAuto
111  13.07990172 -059.49062445
111  13.07990505 -059.49027591
111  13.07998659 -059.49027933
112  13.07998659 -059.49027933  13.07998659 -059.49022637
111  13.07995594 -059.49018664
111  13.08009623 -059.49020124
112  13.08007646 -059.49027762  13.08007646 -059.49030837
111  13.08007646 -059.49027762
111  13.08038766 -059.49028104
113  13.08038766 -059.49063299
110 2 0.00 0.0000 PadCncrt
111  13.07603679 -059.49971515
111  13.07563415 -059.49960568
111  13.07594536 -059.49837880
111  13.07618113 -059.49845463
111  13.07603703 -059.49899437
113  13.07621398 -059.49905017
110 2 0.00 0.0000 Tanks Pad
111  13.07764552 -059.50369107
111  13.07844993 -059.50210396
111  13.07938630 -059.50261364
113  13.07859447 -059.50420720
110 2 0.00 0.0000 WareHse Pad
111  13.07597721 -059.49824459
111  13.07610267 -059.49778747
111  13.07625766 -059.49784051
111  13.07629210 -059.49769150
111  13.07646184 -059.49770918
111  13.07641510 -059.49789102
111  13.07677181 -059.49796931
111  13.07689481 -059.49758543
111  13.07738928 -059.49773191
111  13.07729334 -059.49812337
111  13.07785150 -059.49830366
113  13.07774052 -059.49873960
110 1 0.00 0.0000 WareHse Pad
111  13.07802943 -059.49480775
111  13.07803658 -059.49403554
111  13.07813776 -059.49381197
111  13.07820225 -059.49378086
111  13.07876439 -059.49400648
111  13.07866274 -059.49428143
111  13.07893198 -059.49438263
113  13.07873643 -059.49499055
110 1 0.00 0.0000 WareHse Pad
111  13.07882430 -059.49386257
111  13.07899351 -059.49350995
111  13.07916020 -059.49359032
111  13.07926122 -059.49364218
113  13.07909453 -059.49400517
130 Airport Boundary
111  13.07780932 -059.47547818
111  13.08103792 -059.47627538
111  13.08471658 -059.48295945
111  13.07966092 -059.49924638
111  13.07993779 -059.50085940
111  13.07902881 -059.50532644
111  13.07485974 -059.50434237
111  13.07322648 -059.51009143
111  13.06865483 -059.50907307
111  13.07221048 -059.49305906
111  13.07184509 -059.49041253
111  13.07289099 -059.48639932
113  13.07462632 -059.48474187
120 RdWy CL
111  13.08196797 -059.48778442 3
112  13.08194683 -059.48764790  13.08189130 -059.48760589 3
112  13.08191176 -059.48738682  13.08195999 -059.48729529 3
112  13.08219091 -059.48732230  13.08223768 -059.48737031 3
116  13.08239479 -059.48729438  13.08246202 -059.48719835
120 RdWy CL
111  13.08057255 -059.49087988 8
112  13.08054596 -059.48915115  13.08055858 -059.48899558
111  13.08054596 -059.48915115
112  13.08054596 -059.48915115  13.08055194 -059.48907746 8
112  13.08089504 -059.48780547  13.08106371 -059.48716045
111  13.08089504 -059.48780547 8
111  13.08125564 -059.48640534
112  13.08125564 -059.48640534  13.08127837 -059.48630163 8
112  13.08144506 -059.48626274  13.08155618 -059.48629126
111  13.08144506 -059.48626274 8
111  13.08190036 -059.48639070
112  13.08190036 -059.48639070  13.08200389 -059.48642196 8
112  13.08204162 -059.48664242  13.08204600 -059.48676696
111  13.08204162 -059.48664242 8
111  13.08204151 -059.48673972 8
111  13.08204096 -059.48722388
111  13.08204151 -059.48673972 8
112  13.08184423 -059.48714973  13.08181500 -059.48725926
111  13.08184423 -059.48714973 8
112  13.08128081 -059.48930648  13.08124548 -059.48942652 8
112  13.08116891 -059.48954929  13.08114333 -059.48958180 8
112  13.08097733 -059.48975368  13.08091765 -059.48980245 8
112  13.08077370 -059.48989367  13.08070793 -059.48989242
111  13.08077370 -059.48989367 8
115  13.08062704 -059.48989038
120 RdWy CL
112  13.08107601 -059.49107006  13.08106183 -059.49104683 3
112  13.08094829 -059.49091944  13.08089044 -059.49088922 3
112  13.08074967 -059.49088960  13.08072615 -059.49090245
111  13.08121432 -059.49022225 3
112  13.08106210 -059.49055776  13.08100755 -059.49064799 3
112  13.08090126 -059.49078758  13.08087096 -059.49082803 3
112  13.08074967 -059.49088960  13.08069094 -059.49091874
111  13.08074967 -059.49088960
112  13.08074967 -059.49088960  13.08067790 -059.49090071 3
111  13.08060770 -059.49094620
112  13.08060770 -059.49094620  13.08053225 -059.49100239 3
112  13.08052002 -059.49116325  13.08051737 -059.49123829
111  13.08052002 -059.49116325
112  13.08052002 -059.49116325  13.08052912 -059.49133178 3
112  13.08076307 -059.49146540  13.08089642 -059.49149029 3
112  13.08107300 -059.49128337  13.08110028 -059.49118380
111  13.08107300 -059.49128337
112  13.08107300 -059.49128337  13.08108949 -059.49122318 3
112  13.08107601 -059.49107006  13.08104844 -059.49099947
111  13.08107601 -059.49107006
112  13.08107601 -059.49107006  13.08103653 -059.49098977 3
112  13.08107441 -059.49088619  13.08108520 -059.49084312
111  13.08107441 -059.49088619 3
111  13.08121432 -059.49022225 3
111  13.08176845 -059.48804111
112  13.08176845 -059.48804111  13.08178866 -059.48798148 3
111  13.08196797 -059.48778442
112  13.08196797 -059.48778442  13.08199831 -059.48774289 3
112  13.08209425 -059.48772220  13.08214335 -059.48771326
111  13.08209425 -059.48772220
112  13.08209425 -059.48772220  13.08216308 -059.48772660 3
112  13.08226094 -059.48764960  13.08230159 -059.48759491
111  13.08226094 -059.48764960
112  13.08226094 -059.48764960  13.08229837 -059.48759924 3
112  13.08229845 -059.48747328  13.08228728 -059.48741123
111  13.08229845 -059.48747328
112  13.08229845 -059.48747328  13.08230709 -059.48741145 3
112  13.08239479 -059.48729438  13.08245653 -059.48724241
111  13.08239479 -059.48729438 3
112  13.08291253 -059.48672136  13.08299335 -059.48660468 3
111  13.08343785 -059.48579571
112  13.08343785 -059.48579571  13.08354139 -059.48561421 3
112  13.08375607 -059.48474042  13.08377375 -059.48448373
111  13.08375607 -059.48474042 3
115  13.08388723 -059.48276645
120 RH
111  13.07960392 -059.47634778 54
111  13.07954296 -059.47661126
111  13.07813026 -059.48280954 54
111  13.07807464 -059.48304868
111  13.07620955 -059.48878089 54
111  13.07642354 -059.48898790
111  13.07625509 -059.48970834 54
111  13.07620502 -059.48993286
111  13.07319505 -059.50271959 54
111  13.07313800 -059.50297709
111  13.07174616 -059.50846021 54
111  13.07171547 -059.50858437 54
115  13.07168521 -059.50870680
120 RH
111  13.07366432 -059.49275808 4
111  13.07371743 -059.49265044
111  13.07433251 -059.49069668 4
115  13.07422150 -059.49056337
120 TL
111  13.07325442 -059.49249118 1
115  13.07421831 -059.49296514
120 TL
112  13.07367003 -059.49121645  13.07377953 -059.49111162 51
112  13.07473007 -059.49020616  13.07514326 -059.48981487
111  13.07473007 -059.49020616
112  13.07473007 -059.49020616  13.07497928 -059.48997016 51
112  13.07524050 -059.48962818  13.07526116 -059.48954566
111  13.07524050 -059.48962818
112  13.07524050 -059.48962818  13.07524880 -059.48959694 51
115  13.07537527 -059.48909082
120 TL
111  13.07806810 -059.48673436 1
111  13.07885770 -059.48352923
111  13.07904316 -059.48277726 1
111  13.08037719 -059.47739842
112  13.08037719 -059.47739842  13.08050111 -059.47688482 1
112  13.08003183 -059.47659908  13.07971515 -059.47651426
111  13.08003183 -059.47659908 57
112  13.07957469 -059.47647651  13.07925801 -059.47639169
111  13.07957469 -059.47647651 1
115  13.07873786 -059.47625213
120 TL
111  13.07088813 -059.50740752 51
111  13.07075356 -059.50795352
112  13.07075356 -059.50795352  13.07074238 -059.50800630 51
112  13.07103168 -059.50838831  13.07133546 -059.50847198
111  13.07103168 -059.50838831 51
111  13.07114742 -059.50842136 51
111  13.07171586 -059.50858366 57
111  13.07182347 -059.50861213
112  13.07182347 -059.50861213  13.07194680 -059.50864058 57
112  13.07216782 -059.50858686  13.07227031 -059.50854416
111  13.07216782 -059.50858686
112  13.07216782 -059.50858686  13.07232147 -059.50852285 51
112  13.07248274 -059.50820756  13.07252640 -059.50802746
111  13.07248274 -059.50820756 51
111  13.07368261 -059.50333996 51
111  13.07385000 -059.50266036 51
111  13.07690980 -059.49034927 51
111  13.07707717 -059.48967250 51
111  13.07752592 -059.48784774
112  13.07752592 -059.48784774  13.07754306 -059.48778127 51
116  13.07776878 -059.48734311  13.07786516 -059.48724134
120 TL
111  13.07858586 -059.48303923 57
111  13.07810435 -059.48292228 1
115  13.07733767 -059.48273607
120 TL
111  13.07672876 -059.48361233 1
111  13.07686332 -059.48306520
112  13.07686332 -059.48306520  13.07688103 -059.48300158 1
112  13.07733767 -059.48273607  13.07763598 -059.48280254
111  13.07733767 -059.48273607
112  13.07733767 -059.48273607  13.07704064 -059.48267084 1
112  13.07708674 -059.48216176  13.07710113 -059.48210154
111  13.07708674 -059.48216176 1
115  13.07722453 -059.48160151
120 TL
111  13.07668495 -059.48991776 57
111  13.07623402 -059.48981731
115  13.07558486 -059.48967107
120 TL
111  13.07613703 -059.48907926 1
112  13.07522149 -059.49006157  13.07519659 -059.49009944
111  13.07522149 -059.49006157 1
115  13.07510024 -059.49023863
120 TL
111  13.07564781 -059.48802055 1
111  13.07548908 -059.48866335
112  13.07548908 -059.48866335  13.07543573 -059.48888829 1
112  13.07613703 -059.48907926  13.07655009 -059.48877355
111  13.07613703 -059.48907926 1
111  13.07632354 -059.48888586 57
111  13.07671905 -059.48846365 1
111  13.07776878 -059.48734311 1
111  13.07786560 -059.48722325
112  13.07786560 -059.48722325  13.07796719 -059.48709182 1
116  13.07806810 -059.48673436  13.07811578 -059.48655698
120 TL
111  13.07497668 -059.49074567 1
111  13.07510024 -059.49023863 1
111  13.07515397 -059.49001642
112  13.07515397 -059.49001642  13.07516411 -059.48997204 1
112  13.07558486 -059.48967107  13.07587595 -059.48970812
111  13.07558486 -059.48967107
112  13.07558486 -059.48967107  13.07531061 -059.48954264 1
112  13.07536244 -059.48917545  13.07537351 -059.48912716
111  13.07536244 -059.48917545 1
115  13.07548908 -059.48866335
120 TL
111  13.07345792 -059.50290468 57
111  13.07317646 -059.50283950 1
115  13.07290215 -059.50277597
120 TL
111  13.07181037 -059.50364723 1
111  13.07194494 -059.50310124
112  13.07194494 -059.50310124  13.07206118 -059.50263587 1
112  13.07239733 -059.50264820  13.07251590 -059.50267569
111  13.07239733 -059.50264820 1
111  13.07290215 -059.50277597 1
111  13.07270944 -059.50266097
112  13.07270944 -059.50266097  13.07263888 -059.50261116 1
112  13.07259153 -059.50245767  13.07256314 -059.50237707
111  13.07259153 -059.50245767 1
111  13.07240331 -059.50180832
112  13.07240331 -059.50180832  13.07237654 -059.50172194 1
112  13.07238084 -059.50132657  13.07242048 -059.50115145
111  13.07238084 -059.50132657 1
115  13.07251541 -059.50078058
120 TL
111  13.08124736 -059.48020890 51
111  13.08049570 -059.48001207 20
115  13.07996542 -059.47987320
120 TL
111  13.08108259 -059.48084420 51
111  13.08033397 -059.48064816 20
115  13.07980064 -059.48050932
120 TL
111  13.08093842 -059.48142127 51
111  13.08019390 -059.48122631 20
115  13.07965646 -059.48108555
120 TL
111  13.08079424 -059.48198774 51
111  13.08005366 -059.48179381 20
115  13.07951160 -059.48165186
120 TL
111  13.08065521 -059.48257539 51
111  13.07991013 -059.48238028 20
115  13.07937257 -059.48223951
120 TL
111  13.08049582 -059.48321542 51
111  13.07974763 -059.48301932 20
115  13.07921582 -059.48287984
120 TL
111  13.08034573 -059.48384822 51
111  13.07959821 -059.48365247 20
115  13.07906410 -059.48351382
120 TL
111  13.08019098 -059.48446294 51
111  13.07943989 -059.48426626 20
115  13.07890834 -059.48412706
120 TL
111  13.08002218 -059.48514997 51
111  13.07927373 -059.48495399 20
115  13.07874047 -059.48481398
120 TL
111  13.07984801 -059.48586230 51
111  13.07910548 -059.48565893 20
115  13.07856972 -059.48551244
120 TL
111  13.07954035 -059.48710984 51
111  13.07879999 -059.48690238 20
115  13.07827367 -059.48675504
120 TL
111  13.07967751 -059.48654936 51
111  13.07893483 -059.48634564 20
115  13.07840047 -059.48619927
120 TL
111  13.07939616 -059.48771733 51
111  13.07864612 -059.48751159 20
115  13.07811828 -059.48736680
120 TL
111  13.07923701 -059.48832856 51
115  13.07769599 -059.48788229
120 TL
111  13.07914758 -059.48869423 51
115  13.07760656 -059.48824796
120 TL
111  13.07895955 -059.48934050 51
115  13.07745295 -059.48890131
120 TL
111  13.07890933 -059.48969059 51
115  13.07736465 -059.48923982
120 TL
111  13.07832680 -059.48997724 1
115  13.07743477 -059.48973078
120 TL
111  13.07867447 -059.49044740 1
115  13.07736101 -059.49007805
120 TL
111  13.07859731 -059.49074335 1
115  13.07728386 -059.49037400
120 TL
111  13.07854039 -059.49103116 1
115  13.07722694 -059.49066181
120 TL
111  13.07841674 -059.49139370 1
115  13.07710329 -059.49102434
120 TL
111  13.07742126 -059.49139787 20
115  13.07695763 -059.49126340
120 TL
111  13.07726996 -059.49202795 20
115  13.07680523 -059.49189416
120 TL
111  13.07734928 -059.49170187 20
115  13.07687822 -059.49157184
120 TL
111  13.07722048 -059.49232389 20
115  13.07674980 -059.49219622
120 TL
111  13.07710835 -059.49274900 20
115  13.07663768 -059.49262132
120 TL
111  13.07368261 -059.50333996 1
112  13.07365289 -059.50314603  13.07362444 -059.50304517
111  13.07365289 -059.50314603
112  13.07365289 -059.50314603  13.07362425 -059.50304448 57
112  13.07345792 -059.50290468  13.07334777 -059.50287435
111  13.07345792 -059.50290468
112  13.07345792 -059.50290468  13.07356114 -059.50293279 57
112  13.07372237 -059.50281888  13.07379139 -059.50275619
111  13.07372237 -059.50281888
112  13.07372237 -059.50281888  13.07380137 -059.50274713 1
113  13.07385000 -059.50266036 1
120 TL
111  13.07885770 -059.48352923
112  13.07885770 -059.48352923  13.07886563 -059.48349870 1
112  13.07882194 -059.48327904  13.07878162 -059.48316967
111  13.07882194 -059.48327904
112  13.07882194 -059.48327904  13.07878372 -059.48317538 57
112  13.07858586 -059.48303923  13.07845941 -059.48300593
111  13.07858586 -059.48303923
112  13.07858586 -059.48303923  13.07869044 -059.48306611 57
112  13.07885712 -059.48299557  13.07893121 -059.48295069
111  13.07885712 -059.48299557
112  13.07885712 -059.48299557  13.07896709 -059.48292894 1
112  13.07904316 -059.48277726  13.07905008 -059.48273462
113  13.07904316 -059.48277726 1
120 TL
112  13.07690980 -059.49034927  13.07688501 -059.49045105
111  13.07690980 -059.49034927 1
112  13.07688564 -059.49015300  13.07685816 -059.49005145
111  13.07688564 -059.49015300
112  13.07688564 -059.49015300  13.07685879 -059.49005377 57
112  13.07668495 -059.48991776  13.07656738 -059.48988750
111  13.07668495 -059.48991776
112  13.07668495 -059.48991776  13.07681613 -059.48995020 57
112  13.07698357 -059.48982722  13.07705031 -059.48975886
111  13.07698357 -059.48982722
112  13.07698357 -059.48982722  13.07703793 -059.48977154 51
112  13.07707717 -059.48967250  13.07708459 -059.48963824
113  13.07707717 -059.48967250 1
120 TB
111  13.07734375 -059.48212422 3 102
112  13.07772628 -059.48271005  13.07812005 -059.48281850
111  13.07772628 -059.48271005 3 102
111  13.07857328 -059.48291972
112  13.07857328 -059.48291972  13.07864602 -059.48293528 3 102
112  13.07894582 -059.48270604  13.07900974 -059.48248377
111  13.07894582 -059.48270604 3 102
111  13.08025691 -059.47736078
112  13.08025691 -059.47736078  13.08036636 -059.47689668 3 102
112  13.07994788 -059.47671327  13.07972423 -059.47665953
111  13.07994788 -059.47671327 3 102
111  13.07870281 -059.47639964
111  13.07876649 -059.47612582 3 102
111  13.08014297 -059.47649023
112  13.08014297 -059.47649023  13.08050463 -059.47658305 3 102
112  13.08051343 -059.47737902  13.08039922 -059.47792128
111  13.08051343 -059.47737902 3 102
115  13.08004667 -059.47924942
120 TB
112  13.07573784 -059.48854677  13.07570149 -059.48870961 3 102
112  13.07620393 -059.48878661  13.07641789 -059.48857221
111  13.07620393 -059.48878661 3 102
111  13.07774482 -059.48710781
112  13.07774482 -059.48710781  13.07788766 -059.48694546 3 102
112  13.07794730 -059.48676731  13.07799026 -059.48656037 3 102
111  13.07863538 -059.48396994 3 102
111  13.07874530 -059.48352641
112  13.07874530 -059.48352641  13.07875136 -059.48349219 3 102
112  13.07853674 -059.48315952  13.07830387 -059.48309378
111  13.07853674 -059.48315952 3 102
111  13.07770602 -059.48295441
112  13.07770602 -059.48295441  13.07733634 -059.48285579 3 102
115  13.07707637 -059.48322229
120 TB
112  13.07355505 -059.50338595  13.07362882 -059.50310002 3 102
111  13.07341682 -059.50305110 3 102
111  13.07282000 -059.50289058
112  13.07282000 -059.50289058  13.07273611 -059.50286756 3 102
111  13.07262424 -059.50286973
112  13.07262424 -059.50286973  13.07250937 -059.50287022 3 102
112  13.07232281 -059.50293126  13.07225143 -059.50297193
111  13.07232281 -059.50293126 3 102
111  13.07216147 -059.50303811
111  13.07249936 -059.50166798 3 102
112  13.07267950 -059.50243004  13.07275738 -059.50261795
111  13.07267950 -059.50243004
112  13.07267950 -059.50243004  13.07272589 -059.50254197 3 102
112  13.07291201 -059.50265080  13.07300955 -059.50267555
111  13.07291201 -059.50265080 3 102
111  13.07349952 -059.50279764
112  13.07349952 -059.50279764  13.07355254 -059.50281292 3 102
112  13.07376291 -059.50251662  13.07383158 -059.50227644
111  13.07376291 -059.50251662 3 102
111  13.07677276 -059.49033464
112  13.07677276 -059.49033464  13.07678476 -059.49028689 3 102
112  13.07661393 -059.49002599  13.07640144 -059.48997313
111  13.07661393 -059.49002599 3 102
111  13.07579106 -059.48983645
112  13.07579106 -059.48983645  13.07569546 -059.48980885 3 102
112  13.07558324 -059.48989345  13.07552778 -059.48993664 3 102
115  13.07534892 -059.49014426
120 TB
112  13.07694835 -059.48962903  13.07695885 -059.48958590
111  13.07694835 -059.48962903 3 102
111  13.07710347 -059.48902227
112  13.07710347 -059.48902227  13.07715142 -059.48885792 3 102
112  13.07666117 -059.48873557  13.07636135 -059.48895074
111  13.07666117 -059.48873557 3 102
111  13.07619190 -059.48923552
112  13.07619190 -059.48923552  13.07589499 -059.48954930 3 102
111  13.07625509 -059.48970834 3 102
111  13.07666213 -059.48980509
114  13.07666213 -059.48980509  13.07686712 -059.48985192 3 102
120 Road Markings
112  13.07836094 -059.49246697  13.07834501 -059.49250242 20
112  13.07830440 -059.49243837  13.07831768 -059.49238656
111  13.07830440 -059.49243837 20
111  13.07863622 -059.49091867
112  13.07863622 -059.49091867  13.07868709 -059.49071632 20
112  13.07896556 -059.49023483  13.07907082 -059.48993835
111  13.07896556 -059.49023483
112  13.07896556 -059.49023483  13.07901201 -059.48994325 20
112  13.07905337 -059.48937981  13.07908675 -059.48923131
111  13.07905337 -059.48937981 20
111  13.08144109 -059.47969302
111  13.08149951 -059.47970690 20
111  13.07911206 -059.48939303
112  13.07911206 -059.48939303  13.07908663 -059.48951379 20
112  13.07902754 -059.49024901  13.07895960 -059.49056826
111  13.07902754 -059.49024901
112  13.07902754 -059.49024901  13.07896070 -059.49052120 20
112  13.07869535 -059.49093357  13.07866515 -059.49107554
111  13.07869535 -059.49093357 20
111  13.07836094 -059.49246697
111  13.07833285 -059.49245081 22
111  13.07866504 -059.49092780
112  13.07866504 -059.49092780  13.07871909 -059.49070750 22
112  13.07899555 -059.49024344  13.07905975 -059.48998165
111  13.07899555 -059.49024344
112  13.07899555 -059.49024344  13.07904641 -059.49006393 22
112  13.07908335 -059.48938527  13.07911514 -059.48925635
111  13.07908335 -059.48938527 22
115  13.08146648 -059.47971672
21  13.07179998 -059.50626275 2 75.8700 3.00 API PAPI-4L
21  13.07733611 -059.47826493 2 255.8700 3.00 API PAPI-4L
20  13.07668330 -059.49041328 76.0000 0 2 {@L}A{@Y}B{^r,@@,@L}A
20  13.07867860 -059.48357643 76.0000 0 2 {@L}A{@Y}F{^r,@@,@L}A
20  13.07630384 -059.48959919 165.0000 0 2 {@L}B{@R}9-27{@@,@L}B{@Y,^l}A{safety}A{^r}
20  13.07435201 -059.49072108 38.8600 0 1 {@L}C{@R}9-27{@@,@L}C
20  13.07428764 -059.49248524 254.2700 0 1 {@Y,^l}D-GA{@L}27{@@}9
20  13.07455513 -059.49356608 73.5100 0 1 {@L}9{@Y}D-GA{^r,@@,@L}27
20  13.07365691 -059.49277488 333.6900 0 1 {@L}D{@R}9-27{@@,@L}D
20  13.07616139 -059.48872112 225.0000 0 2 {@L}E{@R}9-27{@@,@L}E{@Y,^ld}AA{safety,^ru}
20  13.07320568 -059.50268154 165.0000 0 2 {@L}E1{@R}9-27{@@,@L}E1{@Y,^l}A{safety}A{^r}
20  13.07266746 -059.50817492 257.5400 0 2 {@L}A{@Y,^l}E2{@@,@L}A
20  13.07176041 -059.50841634 165.0000 0 2 {@L}E2{@R}9-27{@@,@L}E2{safety,@Y}A{^r}
20  13.07962111 -059.47627850 165.0000 0 2 {@L}G{@R}9-27{@@,@L}F{@Y,^l}A{safety}
20  13.07814076 -059.48277143 165.0000 0 2 {@L}F{@R}9-27{@@,@L}F{@Y,^l}A{safety}A{^r}
20  13.07688614 -059.48960654 256.0000 0 2 {@Y,^l}B{@L}A{@@}A
20  13.07501065 -059.48951766 255.8000 0 2 {@L}27{@Y,^lu}C|B{^r,@@,@L}9{@Y,^l}B{no-entry,@R,^r}
20  13.07527190 -059.49062923 76.0000 0 2 {@Y,^l}B|{^lu}E|C{^ld}
20  13.07386544 -059.50336559 75.3200 0 2 {@Y}E1{^r,@L}A{@@}A
20  13.07371391 -059.50253332 256.0000 0 2 {@Y,^l}E1{@L}A{@@}A
20  13.07216132 -059.50322113 76.0000 0 2 {@L}9{@Y,^l}E1{@@,@L}27
20  13.07859504 -059.47711335 76.0000 0 2 {@L}9{@Y,^l}G{@@,@L}27
20  13.07700300 -059.48357670 76.0000 0 2 {@L}9{@Y,^l}F{@@,@L}27
20  13.07891032 -059.48263331 256.0000 0 2 {@Y,^l}F{@L}A{@@}A
20  13.07785403 -059.48687678 255.7200 0 2 {@Y,^ld}E{@L}A{@Y}A{^u,@@,@L}A
20  13.07581549 -059.48835819 256.0000 0 2 {@L}27{@Y}B{^ru}|E{^rd,@@,@L}9
20  13.07213799 -059.50123591 256.0000 0 2 {@L}27{@Y}E1{^r,@@,@L}9
20  13.07058283 -059.50756966 256.0000 0 2 {@L}27{@Y}A2{^r,@@,@L}9
20  13.07696543 -059.48152177 256.0000 0 2 {@L}27{@Y}F{^r,@@,@L}9
14  13.07858084 -059.49016032  98.43 0 Tower Viewpoint
1300  13.07770929 -059.48980445 -14.80 misc helos Helicopters
1301 C none 
1300  13.07314320 -059.49172837   6.71 misc turboprops|props|helos GA Ramp
1301 C none 
1300  13.07350325 -059.49170597 -209.77 misc turboprops|props|helos GA Ramp Helicopter
1301 C none 
1300  13.07700414 -059.49271999 -14.43 misc jets|turboprops|props|helos|fighters Open Ramp Spot 1
1301 C none 
1300  13.07712099 -059.49229580 345.86 misc jets|turboprops|props Open Ramp Spot  2
1301 C none 
1300  13.07724245 -059.49167145 345.86 misc jets|turboprops|props Open Ramp Spot  4
1301 C none 
15  13.07821308 -059.49133545 345.86 Open Ramp Spot  6
15  13.07839213 -059.49068513 345.86 Open Ramp Spot  8
15  13.07846824 -059.49038866 345.86 Open Ramp Spot 9
15  13.07868557 -059.48962582 345.86 Open Ramp Spot  11
15  13.07877230 -059.48928347 345.86 Open Ramp Spot 12
15  13.07894226 -059.48863363 345.86 Open Ramp Spot 13
15  13.07903382 -059.48826921 345.86 Terminal Start Spot 14
15  13.07917282 -059.48765441 345.86 Open Ramp Spot 15
15  13.07933880 -059.48705090 345.86 Terminal Start Spot 16
15  13.08010323 -059.48378693 345.86 Open Ramp Spot 21
15  13.08024909 -059.48314696 345.86 Open Ramp Spot 22
15  13.08054704 -059.48192302 346.08 Air Freight Spot 24
18  13.07924300 -059.49161730 1 Airport Beacon
19  13.07782308 -059.47688147 1 WS
19  13.07604290 -059.49151554 1 WS
19  13.07246689 -059.50563195 1 WS
53 12190 ADAMS GND
54 11870 ADAMS TWR
55 12935 ADAMS APP
55 12070 ADAMS APP
55 12120 ADAMS APP
55 12885 ADAMS APP
99
